7
17
27
37
47
57
67
77
87
97
107
117
127
137
147
157
167
177
187
197
207
217
227
237
247
257
267
277
287
297
307
317
327
337
347
357
367
377
387
397
407
417
427
437
447
457
467
477
487
497
507
517
527
537
547
557
567
577
587
597
607
617
627
637
647
657
667
677
687
697
707
717
727
737
747
757
767
777
787
797
807
817
827
837
847
857
867
877
887
897
907
917
927
937
947
957
967
977
987
997
1007
1017
1027
1037
1047
1057
1067
1077
1087
1097
1107
1117
1127
1137
1147
1157
1167
1177
1187
1197
1207
1217
1227
1237
1247
1257
1267
1277
1287
1297
1307
1317
1327
1337
1347
1357
1367
1377
1387
1397
1407
1417
1427
1437
1447
1457
1467
1477
1487
1497
1507
1517
1527
1537
1547
1557
1567
1577
1587
1597
1607
1617
1627
1637
1647
1657
1667
1677
1687
1697
1707
1717
1727
1737
1747
1757
1767
1777
1787
1797
